  -0.2104541718E+001   0.4449563891E-005  -0.1288817948E-004
  -0.2067792409E+001   0.4531120060E-005  -0.1321659286E-004
  -0.2031043100E+001   0.4614833871E-005  -0.1355916861E-004
  -0.1994293791E+001   0.4700761341E-005  -0.1391680221E-004
  -0.1957544482E+001   0.4788957002E-005  -0.1429046532E-004
  -0.1920795173E+001   0.4879473135E-005  -0.1468121401E-004
  -0.1884045864E+001   0.4972358811E-005  -0.1509019813E-004
  -0.1847296555E+001   0.5067658727E-005  -0.1551867185E-004
  -0.1810547246E+001   0.5165411774E-005  -0.1596800577E-004
  -0.1773797937E+001   0.5265649291E-005  -0.1643970068E-004
  -0.1737048628E+001   0.5368392908E-005  -0.1693540332E-004
  -0.1700299319E+001   0.5473651925E-005  -0.1745692454E-004
  -0.1663550010E+001   0.5581420071E-005  -0.1800626014E-004
  -0.1626800701E+001   0.5691671540E-005  -0.1858561502E-004
  -0.1590051392E+001   0.5804356093E-005  -0.1919743125E-004
  -0.1553302083E+001   0.5919393029E-005  -0.1984442063E-004
  -0.1516552774E+001   0.6036663712E-005  -0.2052960292E-004
  -0.1479803465E+001   0.6156002307E-005  -0.2125635063E-004
  -0.1443054156E+001   0.6277184246E-005  -0.2202844189E-004
  -0.1406304847E+001   0.6399911822E-005  -0.2285012304E-004
  -0.1369555538E+001   0.6523796118E-005  -0.2372618320E-004
  -0.1332806229E+001   0.6648334252E-005  -0.2466204351E-004
  -0.1296056920E+001   0.6772880581E-005  -0.2566386440E-004
  -0.1259307611E+001   0.6896610081E-005  -0.2673867552E-004
  -0.1222558302E+001   0.7018471511E-005  -0.2789453385E-004
  -0.1185808993E+001   0.7137127159E-005  -0.2914071746E-004
  -0.1149059684E+001   0.7250874835E-005  -0.3048796464E-004
  -0.1112310375E+001   0.7357546145E-005  -0.3194877103E-004
  -0.1075561066E+001   0.7454372870E-005  -0.3353776202E-004
  -0.1038811757E+001   0.7537809987E-005  -0.3527216320E-004
  -0.1002062448E+001   0.7603299234E-005  -0.3717240009E-004
  -0.9653131394E+000   0.7644950218E-005  -0.3926287028E-004
  -0.9285638304E+000   0.7655105953E-005  -0.4157294782E-004
  -0.8918145214E+000   0.7623744385E-005  -0.4413830435E-004
  -0.8550652124E+000   0.7537644272E-005  -0.4700266805E-004
  -0.8183159034E+000   0.7379207858E-005  -0.5022019599E-004
  -0.7815665944E+000   0.7124776656E-005  -0.5385871827E-004
  -0.7448172854E+000   0.6742187636E-005  -0.5800424075E-004
  -0.7080679764E+000   0.6187174381E-005  -0.6276729348E-004
  -0.6713186674E+000   0.5397987228E-005  -0.6829202937E-004
  -0.6345693584E+000   0.4287234013E-005  -0.7476948346E-004
  -0.6272194966E+000   0.4016306311E-005  -0.7620050475E-004
  -0.6198696348E+000   0.3726439208E-005  -0.7768208686E-004
  -0.6125197730E+000   0.3416301454E-005  -0.7921684226E-004
  -0.6051699112E+000   0.3084456105E-005  -0.8080755758E-004
  -0.5978200494E+000   0.2729351276E-005  -0.8245720737E-004
  -0.5904701876E+000   0.2349310060E-005  -0.8416896915E-004
  -0.5831203258E+000   0.1942519549E-005  -0.8594623961E-004
  -0.5757704640E+000   0.1507018900E-005  -0.8779265237E-004
  -0.5684206022E+000   0.1040686364E-005  -0.8971209713E-004
  -0.5610707404E+000   0.5412252330E-006  -0.9170874058E-004
  -0.5537208786E+000   0.6148652279E-008  -0.9378704895E-004
  -0.5463710168E+000  -0.5672367544E-006  -0.9595181248E-004
  -0.5390211550E+000  -0.1181848457E-005  -0.9820817192E-004
  -0.5316712932E+000  -0.1840846789E-005  -0.1005616470E-003
  -0.5243214314E+000  -0.2547654868E-005  -0.1030181671E-003
  -0.5169715696E+000  -0.3305979578E-005  -0.1055841041E-003
  -0.5096217078E+000  -0.4119833427E-005  -0.1082663077E-003
  -0.5022718460E+000  -0.4993557030E-005  -0.1110721423E-003
  -0.4949219842E+000  -0.5931841811E-005  -0.1140095264E-003
  -0.4875721224E+000  -0.6939752347E-005  -0.1170869736E-003
  -0.4802222606E+000  -0.8022747577E-005  -0.1203136349E-003
  -0.4728723988E+000  -0.9186699775E-005  -0.1236993414E-003
  -0.4655225370E+000  -0.1043790985E-004  -0.1272546474E-003
  -0.4581726752E+000  -0.1178311702E-004  -0.1309908715E-003
  -0.4508228134E+000  -0.1322950039E-004  -0.1349201344E-003
  -0.4434729516E+000  -0.1478466909E-004  -0.1390553919E-003
  -0.4361230898E+000  -0.1645663696E-004  -0.1434104591E-003
  -0.4287732280E+000  -0.1825377632E-004  -0.1480000216E-003
  -0.4214233662E+000  -0.2018474455E-004  -0.1528396310E-003
  -0.4140735044E+000  -0.2225837526E-004  -0.1579456755E-003
  -0.4067236426E+000  -0.2448352460E-004  -0.1633353206E-003
  -0.3993737807E+000  -0.2686886135E-004  -0.1690264100E-003
  -0.3920239189E+000  -0.2942258797E-004  -0.1750373145E-003
  -0.3846740571E+000  -0.3215207849E-004  -0.1813867202E-003
  -0.3773241953E+000  -0.3506341874E-004  -0.1880933388E-003
  -0.3699743335E+000  -0.3816083530E-004  -0.1951755292E-003
  -0.3626244699E+000  -0.4144600289E-004  -0.2026508178E-003
  -0.3552746081E+000  -0.4491722050E-004  -0.2105352959E-003
  -0.3479247463E+000  -0.4856847282E-004  -0.2188429169E-003
  -0.3405748845E+000  -0.5238837976E-004  -0.2275846574E-003
  -0.3332250227E+000  -0.5635908459E-004  -0.2367675848E-003
  -0.3258751609E+000  -0.6045513947E-004  -0.2463938475E-003
  -0.3185252991E+000  -0.6464248179E-004  -0.2564596438E-003
  -0.3111754373E+000  -0.6887762173E-004  -0.2669542647E-003
  -0.3038255755E+000  -0.7310715938E-004  -0.2778594128E-003
  -0.2964757137E+000  -0.7726757928E-004  -0.2891492972E-003
  -0.2891258519E+000  -0.8128425647E-004  -0.3007927772E-003
  -0.2817759901E+000  -0.8506358833E-004  -0.3127601494E-003
  -0.2744261283E+000  -0.8844620723E-004  -0.3250339683E-003
  -0.2670762665E+000  -0.9071283133E-004  -0.3374742611E-003
  -0.2597264047E+000  -0.9006325448E-004  -0.3297238586E-003
  -0.2523765429E+000  -0.9000559440E-004  -0.3224022038E-003
  -0.2450266811E+000  -0.9015480283E-004  -0.3149136225E-003
  -0.2376768193E+000  -0.9047444345E-004  -0.3072133582E-003
  -0.2303269575E+000  -0.9090691754E-004  -0.2993101038E-003
  -0.2229770957E+000  -0.9135682376E-004  -0.2912492964E-003
  -0.2156272339E+000  -0.9179806274E-004  -0.2830718532E-003
  -0.2082773721E+000  -0.9218527013E-004  -0.2748245640E-003
  -0.2009275103E+000  -0.9248805983E-004  -0.2665582612E-003
  -0.1935776485E+000  -0.9268792739E-004  -0.2583110748E-003
  -0.1862277867E+000  -0.9276620719E-004  -0.2501270823E-003
  -0.1788779249E+000  -0.9271944774E-004  -0.2420433529E-003
  -0.1715280631E+000  -0.9254209010E-004  -0.2340881196E-003
  -0.1641782013E+000  -0.9223757578E-004  -0.2262904841E-003
  -0.1568283395E+000  -0.9181315988E-004  -0.2186706215E-003
  -0.1494784777E+000  -0.9127239350E-004  -0.2112436910E-003
  -0.1421286159E+000  -0.9062174598E-004  -0.2040241634E-003
  -0.1347787541E+000  -0.8987236474E-004  -0.1970225502E-003
  -0.1274288923E+000  -0.8903218467E-004  -0.1902451969E-003
  -0.1200790305E+000  -0.8811707245E-004  -0.1836966326E-003
  -0.1127291687E+000  -0.8713216998E-004  -0.1773740221E-003
  -0.1053793069E+000  -0.8608656490E-004  -0.1712786843E-003
  -0.9802944509E-001  -0.8498822133E-004  -0.1654109933E-003
  -0.9067958329E-001  -0.8385078349E-004  -0.1597652806E-003
  -0.8332972149E-001  -0.8267737485E-004  -0.1543325273E-003
  -0.7597985969E-001  -0.8147438146E-004  -0.1491131901E-003
  -0.6862999789E-001  -0.8025018526E-004  -0.1440994018E-003
  -0.6128013609E-001  -0.7901313120E-004  -0.1392834102E-003
  -0.5393027429E-001  -0.7775999309E-004  -0.1346564894E-003
  -0.4658041249E-001  -0.7650363885E-004  -0.1302180597E-003
  -0.3923055069E-001  -0.7524063993E-004  -0.1259543831E-003
  -0.3188068900E-001  -0.7398226588E-004  -0.1218682686E-003
  -0.2453082719E-001  -0.7272651403E-004  -0.1179407641E-003
  -0.1718096539E-001  -0.7147960135E-004  -0.1141743021E-003
  -0.9831103594E-002  -0.7024206591E-004  -0.1105566550E-003
  -0.2481241786E-002  -0.6901547452E-004  -0.1070814767E-003
   0.4868620008E-002  -0.6780133988E-004  -0.1037477300E-003
   0.1221848181E-001  -0.6660333579E-004  -0.1005406066E-003
   0.1956834361E-001  -0.6541622826E-004  -0.9746277306E-004
   0.2691820541E-001  -0.6424815831E-004  -0.9450635817E-004
   0.3426806721E-001  -0.6309838348E-004  -0.9166804261E-004
   0.4161792912E-001  -0.6197096800E-004  -0.8893411546E-004
   0.4896779092E-001  -0.6085567517E-004  -0.8630649235E-004
   0.5631765272E-001  -0.5976512138E-004  -0.8377924373E-004
   0.6366751452E-001  -0.5868977236E-004  -0.8134772973E-004
   0.7101737632E-001  -0.5763706280E-004  -0.7900499443E-004
   0.7836723812E-001  -0.5659893496E-004  -0.7675198022E-004
   0.8571709992E-001  -0.5558474881E-004  -0.7457968925E-004
   0.9306696172E-001  -0.5458019721E-004  -0.7248263583E-004
   0.1004168235E+000  -0.5358006498E-004  -0.7045682149E-004
   0.1234503952E+000  -0.5071167063E-004  -0.6463733224E-004
   0.1471840383E+000  -0.4791330712E-004  -0.5927083108E-004
   0.1716177527E+000  -0.4522527300E-004  -0.5433927564E-004
   0.1967515386E+000  -0.4265166591E-004  -0.4981544914E-004
   0.2225853958E+000  -0.4020089587E-004  -0.4567244211E-004
   0.2491193249E+000  -0.3787575273E-004  -0.4187103073E-004
   0.2763533249E+000  -0.3566932360E-004  -0.3839188860E-004
   0.3042873964E+000  -0.3358201828E-004  -0.3520095778E-004
   0.3329215392E+000  -0.3161199566E-004  -0.3228383560E-004
   0.3622557534E+000  -0.2975337094E-004  -0.2960811014E-004
   0.3922900391E+000  -0.2800589349E-004  -0.2716147446E-004
   0.4230243976E+000  -0.2636033245E-004  -0.2491394790E-004
   0.4544588267E+000  -0.2481307320E-004  -0.2286214520E-004
   0.4865933266E+000  -0.2336665708E-004  -0.2097739660E-004
   0.5194278970E+000  -0.2200399418E-004  -0.1924573965E-004
   0.5529625382E+000  -0.2072715693E-004  -0.1766418741E-004
   0.5871972537E+000  -0.1953283900E-004  -0.1621060182E-004
   0.6221320398E+000  -0.1841563042E-004  -0.1487356166E-004
   0.6577668966E+000  -0.1736279776E-004  -0.1364842028E-004
   0.6941018241E+000  -0.1638283019E-004  -0.1252471671E-004
   0.7311368222E+000  -0.1546493164E-004  -0.1149023091E-004
   0.7688718947E+000  -0.1460529945E-004  -0.1054051986E-004
   0.8073070378E+000  -0.1380030114E-004  -0.9664277089E-005
   0.8464422516E+000  -0.1304514231E-004  -0.8862224779E-005
   0.8862775361E+000  -0.1233714270E-004  -0.8125695467E-005
   0.9268128949E+000  -0.1167967178E-004  -0.7449177414E-005
   0.9680483206E+000  -0.1105927497E-004  -0.6826631128E-005
   0.1009983821E+001  -0.1048515250E-004  -0.6255268247E-005
   0.1052619392E+001  -0.9942332572E-005  -0.5726140370E-005
   0.1095955033E+001  -0.9435779465E-005  -0.5243437085E-005
   0.1139990749E+001  -0.8961729621E-005  -0.4795120224E-005
   0.1184726535E+001  -0.8510797157E-005  -0.4386738788E-005
   0.1230162389E+001  -0.8095302345E-005  -0.4013081601E-005
   0.1276298316E+001  -0.7702921107E-005  -0.3667042300E-005
   0.1323134318E+001  -0.7332202949E-005  -0.3348928093E-005
   0.1370670388E+001  -0.6986731686E-005  -0.3060864278E-005
   0.1418906531E+001  -0.6660922411E-005  -0.2794453701E-005
   0.1467842745E+001  -0.6357117127E-005  -0.2547442540E-005
   0.1517479030E+001  -0.6065792588E-005  -0.2322471904E-005
   0.1567815385E+001  -0.5792245905E-005  -0.2118594740E-005
   0.1618851815E+001  -0.5538678088E-005  -0.1930238640E-005
   0.1670588312E+001  -0.5294641166E-005  -0.1756213490E-005
   0.1723024883E+001  -0.5062888162E-005  -0.1599679963E-005
   0.1776161524E+001  -0.4849758602E-005  -0.1458600726E-005
   0.1829998237E+001  -0.4646490831E-005  -0.1324323160E-005
   0.1884535023E+001  -0.4452275681E-005  -0.1202810152E-005
   0.1939771881E+001  -0.4269454228E-005  -0.1091129463E-005
   0.1995708805E+001  -0.4093142088E-005  -0.9875043080E-006
   0.2052345808E+001  -0.3924932505E-005  -0.8959115036E-006
   0.2109682877E+001  -0.3767375193E-005  -0.8110270096E-006
   0.2167720017E+001  -0.3615491504E-005  -0.7363727564E-006
   0.2226457231E+001  -0.3476465140E-005  -0.6637605893E-006
   0.2285894516E+001  -0.3335934392E-005  -0.5961959475E-006
   0.2346031872E+001  -0.3203719368E-005  -0.5394507052E-006
   0.2406869298E+001  -0.3082110902E-005  -0.4870319518E-006
   0.2468406799E+001  -0.2962234151E-005  -0.4338470638E-006
   0.2530644367E+001  -0.2846341596E-005  -0.3893212014E-006
   0.2593582009E+001  -0.2737757271E-005  -0.3500013065E-006
   0.2657219721E+001  -0.2638152304E-005  -0.3124262634E-006
   0.2721557508E+001  -0.2539325214E-005  -0.2711199641E-006
   0.2786595362E+001  -0.2440765539E-005  -0.2381407104E-006
   0.2852333291E+001  -0.2348823811E-005  -0.2076932485E-006
   0.2918771290E+001  -0.2262747371E-005  -0.1785017713E-006
   0.2985909359E+001  -0.2176642933E-005  -0.1525635786E-006
   0.3053747500E+001  -0.2097498518E-005  -0.1251008094E-006
   0.3122285714E+001  -0.2018175750E-005  -0.1037692674E-006
   0.3191523996E+001  -0.1946451032E-005  -0.8195168699E-007
   0.3261462352E+001  -0.1876116418E-005  -0.5635430361E-007
   0.3332100779E+001  -0.1804538061E-005  -0.3612589833E-007
   0.3403439280E+001  -0.1737556173E-005  -0.1993870802E-007
   0.3475477848E+001  -0.1677485499E-005  -0.1495413288E-008
   0.3548216490E+001  -0.1619539333E-005   0.1778850074E-007
   0.3621655203E+001  -0.1559478352E-005   0.3871875357E-007
   0.3695793997E+001  -0.1502439192E-005   0.5415353763E-007
   0.3770632826E+001  -0.1450462026E-005   0.7006765864E-007
   0.3846171766E+001  -0.1403265027E-005   0.8815184462E-007
   0.3922410780E+001  -0.1352963263E-005   0.1121347171E-006
   0.3999349831E+001  -0.1300909409E-005   0.1288864093E-006
   0.4076988994E+001  -0.1253422830E-005   0.1466806835E-006
   0.4155328194E+001  -0.1208719098E-005   0.1641867814E-006
   0.4234367469E+001  -0.1162394427E-005   0.1842719127E-006
   0.4314106818E+001  -0.1119802141E-005   0.2019145083E-006
   0.4394546241E+001  -0.1076101321E-005   0.2249757815E-006
   0.4475685738E+001  -0.1030806218E-005   0.2480963699E-006
   0.4557525310E+001  -0.9812069849E-006   0.2694401269E-006
   0.4640064957E+001  -0.9318445388E-006   0.2916033271E-006
   0.4723304677E+001  -0.8723982593E-006   0.3108173711E-006
   0.4807244472E+001  -0.8096264839E-006   0.3191181895E-006
