# edge, bohr, edge*hart      -0.26708      0.52918     -7.26752
# ispec, ik0      1    91
 # ie, em(ie)*hart, xk(ie)
    1           -57.26752            -3.62263
    2           -56.26752            -3.58622
    3           -55.26752            -3.54943
    4           -54.26752            -3.51227
    5           -53.26752            -3.47470
    6           -52.26752            -3.43672
    7           -51.26752            -3.39832
    8           -50.26752            -3.35948
    9           -49.26752            -3.32019
   10           -48.26752            -3.28043
   11           -47.26752            -3.24017
   12           -46.26752            -3.19942
   13           -45.26752            -3.15813
   14           -44.26752            -3.11630
   15           -43.26752            -3.07390
   16           -42.26752            -3.03091
   17           -41.26752            -2.98729
   18           -40.26752            -2.94303
   19           -39.26752            -2.89810
   20           -38.26752            -2.85246
   21           -37.26752            -2.80607
   22           -36.26752            -2.75891
   23           -35.26752            -2.71092
   24           -34.26752            -2.66208
   25           -33.26752            -2.61231
   26           -32.26752            -2.56158
   27           -31.26752            -2.50983
   28           -30.26752            -2.45698
   29           -29.26752            -2.40298
   30           -28.26752            -2.34773
   31           -27.26752            -2.29115
   32           -26.26752            -2.23314
   33           -25.26752            -2.17358
   34           -24.26752            -2.11234
   35           -23.26752            -2.04927
   36           -22.26752            -1.98419
   37           -21.26752            -1.91691
   38           -20.26752            -1.84718
   39           -19.26752            -1.77472
   40           -18.26752            -1.69916
   41           -17.26752            -1.62009
   42           -17.06752            -1.60380
   43           -16.86752            -1.58735
   44           -16.66752            -1.57073
   45           -16.46752            -1.55393
   46           -16.26752            -1.53695
   47           -16.06752            -1.51978
   48           -15.86752            -1.50241
   49           -15.66752            -1.48483
   50           -15.46752            -1.46705
   51           -15.26752            -1.44905
   52           -15.06752            -1.43082
   53           -14.86752            -1.41236
   54           -14.66752            -1.39365
   55           -14.46752            -1.37469
   56           -14.26752            -1.35546
   57           -14.06752            -1.33596
   58           -13.86752            -1.31617
   59           -13.66752            -1.29607
   60           -13.46752            -1.27566
   61           -13.26752            -1.25491
   62           -13.06752            -1.23382
   63           -12.86752            -1.21236
   64           -12.66752            -1.19052
   65           -12.46752            -1.16826
   66           -12.26752            -1.14557
   67           -12.06752            -1.12243
   68           -11.86752            -1.09880
   69           -11.66752            -1.07464
   70           -11.46752            -1.04994
   71           -11.26752            -1.02463
   72           -11.06752            -0.99869
   73           -10.86752            -0.97205
   74           -10.66752            -0.94467
   75           -10.46752            -0.91646
   76           -10.26752            -0.88736
   77           -10.06752            -0.85727
   78            -9.86752            -0.82609
   79            -9.66752            -0.79368
   80            -9.46752            -0.75989
   81            -9.26752            -0.72453
   82            -9.06752            -0.68734
   83            -8.86752            -0.64803
   84            -8.66752            -0.60618
   85            -8.46752            -0.56121
   86            -8.26752            -0.51232
   87            -8.06752            -0.45823
   88            -7.86752            -0.39684
   89            -7.66752            -0.32402
   90            -7.46752            -0.22911
   91            -7.26752             0.00000
   92            -7.06752             0.22911
   93            -6.86752             0.32402
   94            -6.66752             0.39684
   95            -6.46752             0.45823
   96            -6.26752             0.51232
   97            -6.06752             0.56121
   98            -5.86752             0.60618
   99            -5.66752             0.64803
  100            -5.46752             0.68734
  101            -5.26752             0.72453
  102            -5.06752             0.75989
  103            -4.86752             0.79368
  104            -4.66752             0.82609
  105            -4.46752             0.85727
  106            -4.26752             0.88736
  107            -4.06752             0.91646
  108            -3.86752             0.94467
  109            -3.66752             0.97205
  110            -3.46752             0.99869
  111            -3.26752             1.02463
  112            -3.06752             1.04994
  113            -2.86752             1.07464
  114            -2.66752             1.09880
  115            -2.46752             1.12243
  116            -2.26752             1.14557
  117            -2.06752             1.16826
  118            -1.86752             1.19052
  119            -1.66752             1.21236
  120            -1.46752             1.23382
  121            -1.26752             1.25491
  122            -1.06752             1.27566
  123            -0.86752             1.29607
  124            -0.66752             1.31617
  125            -0.46752             1.33596
  126            -0.26752             1.35546
  127            -0.06752             1.37469
  128             0.13248             1.39365
  129             0.33248             1.41236
  130             0.53248             1.43082
  131             0.73248             1.44905
  132             0.93248             1.46705
  133             1.13248             1.48483
  134             1.33248             1.50241
  135             1.53248             1.51978
  136             1.73248             1.53695
  137             1.93248             1.55393
  138             2.13248             1.57073
  139             2.33248             1.58735
  140             2.53248             1.60380
  141             2.73248             1.62009
  142             3.35926             1.67009
  143             4.00508             1.72009
  144             4.66996             1.77009
  145             5.35388             1.82009
  146             6.05686             1.87009
  147             6.77888             1.92009
  148             7.51996             1.97009
  149             8.28008             2.02009
  150             9.05926             2.07009
  151             9.85748             2.12009
  152            10.67476             2.17009
  153            11.51108             2.22009
  154            12.36646             2.27009
  155            13.24088             2.32009
  156            14.13436             2.37009
  157            15.04688             2.42009
  158            15.97846             2.47009
  159            16.92908             2.52009
  160            17.89876             2.57009
  161            18.88748             2.62009
  162            19.89525             2.67009
  163            20.92208             2.72009
  164            21.96795             2.77009
  165            23.03288             2.82009
  166            24.11685             2.87009
  167            25.21987             2.92009
  168            26.34195             2.97009
  169            27.48307             3.02009
  170            28.64324             3.07009
  171            29.82247             3.12009
  172            31.02074             3.17009
  173            32.23806             3.22009
  174            33.47444             3.27009
  175            34.72986             3.32009
  176            36.00433             3.37009
  177            37.29785             3.42009
  178            38.61043             3.47009
  179            39.94205             3.52009
  180            41.29272             3.57009
  181            42.66245             3.62009
  182            44.05122             3.67009
  183            45.45904             3.72009
  184            46.88591             3.77009
  185            48.33183             3.82009
  186            49.79681             3.87009
  187            51.28083             3.92009
  188            52.78390             3.97009
  189            54.30602             4.02009
  190            55.84719             4.07009
  191            57.40742             4.12009
  192            58.98669             4.17009
  193            60.58501             4.22009
  194            62.20238             4.27009
  195            63.83880             4.32009
  196            65.49427             4.37009
  197            67.16879             4.42009
  198            68.86237             4.47009
  199            70.57499             4.52009
  200            72.30666             4.57009
  201            74.05738             4.62009
  202            75.82715             4.67009
  203            77.61597             4.72009
  204            79.42384             4.77009
  205            81.25076             4.82009
  206            83.09673             4.87009
  207            84.96175             4.92009
  208            86.84582             4.97009
  209            88.74894             5.02009
  210            90.67111             5.07009
  211            92.61233             5.12009
  212            94.57260             5.17009
  213            96.55192             5.22009
  214            98.55029             5.27009
  215           100.56771             5.32009
  216           102.60418             5.37009
  217           104.65970             5.42009
  218           106.73427             5.47009
  219           108.82789             5.52009
  220           110.94056             5.57009
  221           113.07228             5.62009
  222           115.22305             5.67009
  223           117.39287             5.72009
  224           119.58174             5.77009
  225           121.78966             5.82009
  226           124.01663             5.87009
  227           126.26265             5.92009
  228           128.52771             5.97009
  229           130.81183             6.02009
  230            -7.26752             0.00000
  231            -7.26752             0.00000
  232            -7.26752             0.00000
  233            -7.26752             0.00000
  234            -7.26752             0.00000
  235            -7.26752             0.00000
  236            -7.26752             0.00000
  237            -7.26752             0.00000
  238            -7.26752             0.00000
  239            -7.26752             0.00000
  240            -7.26752             0.00000
  241            -7.26752             0.00000
  242            -7.26752             0.00000
  243            -7.26752             0.00000
  244            -7.26752             0.00000
  245            -7.26752             0.00000
  246            -7.26752             0.00000
  247            -7.26752             0.00000
  248            -7.26752             0.00000
  249            -7.26752             0.00000
  250            -7.26752             0.00000
  251            -7.26752             0.00000
  252            -7.26752             0.00000
  253            -7.26752             0.00000
