 Temperature (Hatree) = 0
 Electronic Temperature (eV) = 0
 xloss =    3.5853999999999999       eV
 efermi =   -7.2675180499999987       eV
 Number of poles = 0
 Omega(Hart)    Re CCHI     Im CCHI   1-Fermi   Re xmu0    Im xmu0
  -0.2104541718E+001  -0.1520214967E-004   0.2641395152E-004   0.2278636260E-001  -0.6671600000E-003   0.1159200000E-002
  -0.2067792409E+001  -0.1551130631E-004   0.2695111558E-004   0.2324975464E-001  -0.6671600000E-003   0.1159200000E-002
  -0.2031043100E+001  -0.1583327443E-004   0.2751053978E-004   0.2373234970E-001  -0.6671600000E-003   0.1159200000E-002
  -0.1994293791E+001  -0.1616886567E-004   0.2809363434E-004   0.2423536434E-001  -0.6671600000E-003   0.1159200000E-002
  -0.1957544482E+001  -0.1651896157E-004   0.2870193095E-004   0.2476011986E-001  -0.6671600000E-003   0.1159200000E-002
  -0.1920795173E+001  -0.1688452122E-004   0.2933709605E-004   0.2530805387E-001  -0.6671600000E-003   0.1159200000E-002
  -0.1884045864E+001  -0.1726659000E-004   0.3000094599E-004   0.2588073326E-001  -0.6671600000E-003   0.1159200000E-002
  -0.1847296555E+001  -0.1766630945E-004   0.3069546423E-004   0.2647986908E-001  -0.6671600000E-003   0.1159200000E-002
  -0.1810547246E+001  -0.1808492859E-004   0.3142282094E-004   0.2710733346E-001  -0.6671600000E-003   0.1159200000E-002
  -0.1773797937E+001  -0.1852381680E-004   0.3218539546E-004   0.2776517897E-001  -0.6671600000E-003   0.1159200000E-002
  -0.1737048628E+001  -0.1898447868E-004   0.3298580204E-004   0.2845566084E-001  -0.6671600000E-003   0.1159200000E-002
  -0.1700299319E+001  -0.1946857110E-004   0.3382691950E-004   0.2918126251E-001  -0.6671600000E-003   0.1159200000E-002
  -0.1663550010E+001  -0.1997792286E-004   0.3471192544E-004   0.2994472519E-001  -0.6671600000E-003   0.1159200000E-002
  -0.1626800701E+001  -0.2051455758E-004   0.3564433592E-004   0.3074908205E-001  -0.6671600000E-003   0.1159200000E-002
  -0.1590051392E+001  -0.2108072024E-004   0.3662805159E-004   0.3159769806E-001  -0.6671600000E-003   0.1159200000E-002
  -0.1553302083E+001  -0.2167890814E-004   0.3766741159E-004   0.3249431642E-001  -0.6671600000E-003   0.1159200000E-002
  -0.1516552774E+001  -0.2231190732E-004   0.3876725667E-004   0.3344311307E-001  -0.6671600000E-003   0.1159200000E-002
  -0.1479803465E+001  -0.2298283526E-004   0.3993300354E-004   0.3444876081E-001  -0.6671600000E-003   0.1159200000E-002
  -0.1443054156E+001  -0.2369519158E-004   0.4117073278E-004   0.3551650516E-001  -0.6671600000E-003   0.1159200000E-002
  -0.1406304847E+001  -0.2445291805E-004   0.4248729331E-004   0.3665225441E-001  -0.6671600000E-003   0.1159200000E-002
  -0.1369555538E+001  -0.2526047042E-004   0.4389042705E-004   0.3786268724E-001  -0.6671600000E-003   0.1159200000E-002
  -0.1332806229E+001  -0.2612290453E-004   0.4538891860E-004   0.3915538182E-001  -0.6671600000E-003   0.1159200000E-002
  -0.1296056920E+001  -0.2704598029E-004   0.4699277587E-004   0.4053897159E-001  -0.6671600000E-003   0.1159200000E-002
  -0.1259307611E+001  -0.2803628785E-004   0.4871344936E-004   0.4202333451E-001  -0.6671600000E-003   0.1159200000E-002
  -0.1222558302E+001  -0.2910140183E-004   0.5056410006E-004   0.4361982407E-001  -0.6671600000E-003   0.1159200000E-002
  -0.1185808993E+001  -0.3025007084E-004   0.5255992883E-004   0.4534155351E-001  -0.6671600000E-003   0.1159200000E-002
  -0.1149059684E+001  -0.3149245237E-004   0.5471858443E-004   0.4720374778E-001  -0.6671600000E-003   0.1159200000E-002
  -0.1112310375E+001  -0.3284040571E-004   0.5706067254E-004   0.4922418266E-001  -0.6671600000E-003   0.1159200000E-002
  -0.1075561066E+001  -0.3430786054E-004   0.5961039621E-004   0.5142373724E-001  -0.6671600000E-003   0.1159200000E-002
  -0.1038811757E+001  -0.3591128456E-004   0.6239636828E-004   0.5382709479E-001  -0.6671600000E-003   0.1159200000E-002
  -0.1002062448E+001  -0.3767028228E-004   0.6545265186E-004   0.5646364032E-001  -0.6671600000E-003   0.1159200000E-002
  -0.9653131394E+000  -0.3960836939E-004   0.6882010582E-004   0.5936862131E-001  -0.6671600000E-003   0.1159200000E-002
  -0.9285638304E+000  -0.4175398499E-004   0.7254814348E-004   0.6258466484E-001  -0.6671600000E-003   0.1159200000E-002
  -0.8918145214E+000  -0.4414182969E-004   0.7669705764E-004   0.6616378333E-001  -0.6671600000E-003   0.1159200000E-002
  -0.8550652124E+000  -0.4681465649E-004   0.8134113226E-004   0.7017005889E-001  -0.6671600000E-003   0.1159200000E-002
  -0.8183159034E+000  -0.4982569929E-004   0.8657286200E-004   0.7468328330E-001  -0.6671600000E-003   0.1159200000E-002
  -0.7815665944E+000  -0.5324201271E-004   0.9250875523E-004   0.7980396414E-001  -0.6671600000E-003   0.1159200000E-002
  -0.7448172854E+000  -0.5714913470E-004   0.9929743531E-004   0.8566031341E-001  -0.6671600000E-003   0.1159200000E-002
  -0.7080679764E+000  -0.6165769951E-004   0.1071311309E-003   0.9241815982E-001  -0.6671600000E-003   0.1159200000E-002
  -0.6713186674E+000  -0.6691297276E-004   0.1162622430E-003   0.1002952407E+000  -0.6671600000E-003   0.1159200000E-002
  -0.6345693584E+000  -0.7310882883E-004   0.1270276311E-003   0.1095821525E+000  -0.6671600000E-003   0.1159200000E-002
  -0.6272194966E+000  -0.7448251025E-004   0.1294144222E-003   0.1116411509E+000  -0.6671600000E-003   0.1159200000E-002
  -0.6198696348E+000  -0.7590654626E-004   0.1318887050E-003   0.1137756254E+000  -0.6671600000E-003   0.1159200000E-002
  -0.6125197730E+000  -0.7738362190E-004   0.1344551450E-003   0.1159896005E+000  -0.6671600000E-003   0.1159200000E-002
  -0.6051699112E+000  -0.7891660542E-004   0.1371187256E-003   0.1182873755E+000  -0.6671600000E-003   0.1159200000E-002
  -0.5978200494E+000  -0.8050856303E-004   0.1398847747E-003   0.1206735461E+000  -0.6671600000E-003   0.1159200000E-002
  -0.5904701876E+000  -0.8216277487E-004   0.1427589913E-003   0.1231530291E+000  -0.6671600000E-003   0.1159200000E-002
  -0.5831203258E+000  -0.8388275246E-004   0.1457474768E-003   0.1257310877E+000  -0.6671600000E-003   0.1159200000E-002
  -0.5757704640E+000  -0.8567225754E-004   0.1488567674E-003   0.1284133604E+000  -0.6671600000E-003   0.1159200000E-002
  -0.5684206022E+000  -0.8753532263E-004   0.1520938695E-003   0.1312058916E+000  -0.6671600000E-003   0.1159200000E-002
  -0.5610707404E+000  -0.8947627330E-004   0.1554662990E-003   0.1341151647E+000  -0.6671600000E-003   0.1159200000E-002
  -0.5537208786E+000  -0.9149975225E-004   0.1589821224E-003   0.1371481388E+000  -0.6671600000E-003   0.1159200000E-002
  -0.5463710168E+000  -0.9361074543E-004   0.1626500032E-003   0.1403122871E+000  -0.6671600000E-003   0.1159200000E-002
  -0.5390211550E+000  -0.9581461016E-004   0.1664792495E-003   0.1436156397E+000  -0.6671600000E-003   0.1159200000E-002
  -0.5316712932E+000  -0.9811710542E-004   0.1704798678E-003   0.1470668287E+000  -0.6671600000E-003   0.1159200000E-002
  -0.5243214314E+000  -0.1005244243E-003   0.1746626187E-003   0.1506751369E+000  -0.6671600000E-003   0.1159200000E-002
  -0.5169715696E+000  -0.1030432289E-003   0.1790390775E-003   0.1544505500E+000  -0.6671600000E-003   0.1159200000E-002
  -0.5096217078E+000  -0.1056806868E-003   0.1836216981E-003   0.1584038113E+000  -0.6671600000E-003   0.1159200000E-002
  -0.5022718460E+000  -0.1084445102E-003   0.1884238806E-003   0.1625464809E+000  -0.6671600000E-003   0.1159200000E-002
  -0.4949219842E+000  -0.1113429965E-003   0.1934600419E-003   0.1668909954E+000  -0.6671600000E-003   0.1159200000E-002
  -0.4875721224E+000  -0.1143850703E-003   0.1987456885E-003   0.1714507320E+000  -0.6671600000E-003   0.1159200000E-002
  -0.4802222606E+000  -0.1175803262E-003   0.2042974910E-003   0.1762400716E+000  -0.6671600000E-003   0.1159200000E-002
  -0.4728723988E+000  -0.1209390709E-003   0.2101333579E-003   0.1812744633E+000  -0.6671600000E-003   0.1159200000E-002
  -0.4655225370E+000  -0.1244723654E-003   0.2162725073E-003   0.1865704859E+000  -0.6671600000E-003   0.1159200000E-002
  -0.4581726752E+000  -0.1281920621E-003   0.2227355333E-003   0.1921459052E+000  -0.6671600000E-003   0.1159200000E-002
  -0.4508228134E+000  -0.1321108384E-003   0.2295444630E-003   0.1980197231E+000  -0.6671600000E-003   0.1159200000E-002
  -0.4434729516E+000  -0.1362422211E-003   0.2367227992E-003   0.2042122146E+000  -0.6671600000E-003   0.1159200000E-002
  -0.4361230898E+000  -0.1406005986E-003   0.2442955422E-003   0.2107449467E+000  -0.6671600000E-003   0.1159200000E-002
  -0.4287732280E+000  -0.1452012166E-003   0.2522891815E-003   0.2176407708E+000  -0.6671600000E-003   0.1159200000E-002
  -0.4214233662E+000  -0.1500601500E-003   0.2607316475E-003   0.2249237815E+000  -0.6671600000E-003   0.1159200000E-002
  -0.4140735044E+000  -0.1551942440E-003   0.2696522089E-003   0.2326192278E+000  -0.6671600000E-003   0.1159200000E-002
  -0.4067236426E+000  -0.1606210147E-003   0.2790813002E-003   0.2407533645E+000  -0.6671600000E-003   0.1159200000E-002
  -0.3993737807E+000  -0.1663584979E-003   0.2890502589E-003   0.2493532255E+000  -0.6671600000E-003   0.1159200000E-002
  -0.3920239189E+000  -0.1724250336E-003   0.2995909512E-003   0.2584463002E+000  -0.6671600000E-003   0.1159200000E-002
  -0.3846740571E+000  -0.1788389709E-003   0.3107352585E-003   0.2680600919E+000  -0.6671600000E-003   0.1159200000E-002
  -0.3773241953E+000  -0.1856182780E-003   0.3225144011E-003   0.2782215330E+000  -0.6671600000E-003   0.1159200000E-002
  -0.3699743335E+000  -0.1927800424E-003   0.3349580688E-003   0.2889562360E+000  -0.6671600000E-003   0.1159200000E-002
  -0.3626244699E+000  -0.2003398491E-003   0.3480933406E-003   0.3002875609E+000  -0.6671600000E-003   0.1159200000E-002
  -0.3552746081E+000  -0.2083110165E-003   0.3619433574E-003   0.3122354705E+000  -0.6671600000E-003   0.1159200000E-002
  -0.3479247463E+000  -0.2167037177E-003   0.3765257952E-003   0.3248152133E+000  -0.6671600000E-003   0.1159200000E-002
  -0.3405748845E+000  -0.2255239617E-003   0.3918510949E-003   0.3380357961E+000  -0.6671600000E-003   0.1159200000E-002
  -0.3332250227E+000  -0.2347724916E-003   0.4079205472E-003   0.3518983327E+000  -0.6671600000E-003   0.1159200000E-002
  -0.3258751609E+000  -0.2444436398E-003   0.4247243050E-003   0.3663943280E+000  -0.6671600000E-003   0.1159200000E-002
  -0.3185252991E+000  -0.2545242211E-003   0.4422394585E-003   0.3815040187E+000  -0.6671600000E-003   0.1159200000E-002
  -0.3111754373E+000  -0.2649925642E-003   0.4604283537E-003   0.3971949221E+000  -0.6671600000E-003   0.1159200000E-002
  -0.3038255755E+000  -0.2758178063E-003   0.4792373659E-003   0.4134207780E+000  -0.6671600000E-003   0.1159200000E-002
  -0.2964757137E+000  -0.2869595798E-003   0.4985963561E-003   0.4301210802E+000  -0.6671600000E-003   0.1159200000E-002
  -0.2891258519E+000  -0.2983682126E-003   0.5184190180E-003   0.4472213751E+000  -0.6671600000E-003   0.1159200000E-002
  -0.2817759901E+000  -0.3099855236E-003   0.5386042613E-003   0.4646344559E+000  -0.6671600000E-003   0.1159200000E-002
  -0.2744261283E+000  -0.3217462425E-003   0.5590386779E-003   0.4822624896E+000  -0.6671600000E-003   0.1159200000E-002
  -0.2670762665E+000  -0.3335800000E-003   0.5796000000E-003   0.5000000000E+000  -0.6671600000E-003   0.1159200000E-002
  -0.2597264047E+000  -0.3491932413E-003   0.5810050342E-003   0.5177375104E+000  -0.6744600000E-003   0.1122200000E-002
  -0.2523765429E+000  -0.3638879603E-003   0.5817817368E-003   0.5353655441E+000  -0.6797000000E-003   0.1086700000E-002
  -0.2450266811E+000  -0.3776086065E-003   0.5819100585E-003   0.5527786249E+000  -0.6831100000E-003   0.1052700000E-002
  -0.2376768193E+000  -0.3903328673E-003   0.5815044498E-003   0.5698789198E+000  -0.6849400000E-003   0.1020400000E-002
  -0.2303269575E+000  -0.4020355330E-003   0.5804260060E-003   0.5865792220E+000  -0.6853900000E-003   0.9895100000E-003
  -0.2229770957E+000  -0.4127044685E-003   0.5787893236E-003   0.6028050779E+000  -0.6846400000E-003   0.9601600000E-003
  -0.2156272339E+000  -0.4223461658E-003   0.5766052485E-003   0.6184959813E+000  -0.6828600000E-003   0.9322700000E-003
  -0.2082773721E+000  -0.4309785781E-003   0.5739073456E-003   0.6336056720E+000  -0.6802000000E-003   0.9057800000E-003
  -0.2009275103E+000  -0.4386287274E-003   0.5707507334E-003   0.6481016673E+000  -0.6767900000E-003   0.8806500000E-003
  -0.1935776485E+000  -0.4453231789E-003   0.5671775495E-003   0.6619642039E+000  -0.6727300000E-003   0.8568100000E-003
  -0.1862277867E+000  -0.4511247152E-003   0.5632459009E-003   0.6751847867E+000  -0.6681500000E-003   0.8342100000E-003
  -0.1788779249E+000  -0.4560635371E-003   0.5590012543E-003   0.6877645295E+000  -0.6631100000E-003   0.8127800000E-003
  -0.1715280631E+000  -0.4602008712E-003   0.5545011166E-003   0.6997124391E+000  -0.6577000000E-003   0.7924700000E-003
  -0.1641782013E+000  -0.4635934219E-003   0.5497932571E-003   0.7110437612E+000  -0.6519900000E-003   0.7732200000E-003
  -0.1568283395E+000  -0.4662905413E-003   0.5449210872E-003   0.7217784643E+000  -0.6460300000E-003   0.7549700000E-003
  -0.1494784777E+000  -0.4683537068E-003   0.5399227908E-003   0.7319399057E+000  -0.6398800000E-003   0.7376600000E-003
  -0.1421286159E+000  -0.4698335917E-003   0.5348381888E-003   0.7415536975E+000  -0.6335800000E-003   0.7212400000E-003
  -0.1347787541E+000  -0.4707831362E-003   0.5297089078E-003   0.7506467723E+000  -0.6271700000E-003   0.7056700000E-003
  -0.1274288923E+000  -0.4712567929E-003   0.5245559065E-003   0.7592466334E+000  -0.6206900000E-003   0.6908900000E-003
  -0.1200790305E+000  -0.4712869000E-003   0.5194170219E-003   0.7673807702E+000  -0.6141500000E-003   0.6768700000E-003
  -0.1127291687E+000  -0.4709363093E-003   0.5143018236E-003   0.7750762167E+000  -0.6076000000E-003   0.6635500000E-003
  -0.1053793069E+000  -0.4702291901E-003   0.5092297976E-003   0.7823592275E+000  -0.6010400000E-003   0.6508900000E-003
  -0.9802944509E-001  -0.4692121282E-003   0.5042313748E-003   0.7892550516E+000  -0.5945000000E-003   0.6388700000E-003
  -0.9067958329E-001  -0.4679152590E-003   0.4993090870E-003   0.7957877838E+000  -0.5879900000E-003   0.6274400000E-003
  -0.8332972149E-001  -0.4663675698E-003   0.4944689586E-003   0.8019802754E+000  -0.5815200000E-003   0.6165600000E-003
  -0.7597985969E-001  -0.4646049676E-003   0.4897373085E-003   0.8078540934E+000  -0.5751100000E-003   0.6062200000E-003
  -0.6862999789E-001  -0.4626543040E-003   0.4851049585E-003   0.8134295127E+000  -0.5687700000E-003   0.5963700000E-003
  -0.6128013609E-001  -0.4605249264E-003   0.4805837020E-003   0.8187255354E+000  -0.5624900000E-003   0.5869900000E-003
  -0.5393027429E-001  -0.4582576475E-003   0.4761744259E-003   0.8237599272E+000  -0.5563000000E-003   0.5780500000E-003
  -0.4658041249E-001  -0.4558595211E-003   0.4718919495E-003   0.8285492669E+000  -0.5501900000E-003   0.5695400000E-003
  -0.3923055069E-001  -0.4533612575E-003   0.4677157256E-003   0.8331090035E+000  -0.5441800000E-003   0.5614100000E-003
  -0.3188068900E-001  -0.4507593561E-003   0.4636728893E-003   0.8374535180E+000  -0.5382500000E-003   0.5536700000E-003
  -0.2453082719E-001  -0.4480826422E-003   0.4597387494E-003   0.8415961876E+000  -0.5324200000E-003   0.5462700000E-003
  -0.1718096539E-001  -0.4453339838E-003   0.4559371739E-003   0.8455494490E+000  -0.5266800000E-003   0.5392200000E-003
  -0.9831103594E-002  -0.4425407194E-003   0.4522485026E-003   0.8493248621E+000  -0.5210500000E-003   0.5324800000E-003
  -0.2481241786E-002  -0.4396955787E-003   0.4486684356E-003   0.8529331704E+000  -0.5155100000E-003   0.5260300000E-003
   0.4868620008E-002  -0.4368159702E-003   0.4452171008E-003   0.8563843594E+000  -0.5100700000E-003   0.5198800000E-003
   0.1221848181E-001  -0.4339101789E-003   0.4418708871E-003   0.8596877121E+000  -0.5047300000E-003   0.5139900000E-003
   0.1956834361E-001  -0.4309945043E-003   0.4386393718E-003   0.8628518604E+000  -0.4995000000E-003   0.5083600000E-003
   0.2691820541E-001  -0.4280588268E-003   0.4355140952E-003   0.8658848345E+000  -0.4943600000E-003   0.5029700000E-003
   0.3426806721E-001  -0.4251183328E-003   0.4325030827E-003   0.8687941077E+000  -0.4893200000E-003   0.4978200000E-003
   0.4161792912E-001  -0.4221704203E-003   0.4295876226E-003   0.8715866389E+000  -0.4843700000E-003   0.4928800000E-003
   0.4896779092E-001  -0.4192381712E-003   0.4267743692E-003   0.8742689117E+000  -0.4795300000E-003   0.4881500000E-003
   0.5631765272E-001  -0.4163006361E-003   0.4240607318E-003   0.8768469703E+000  -0.4747700000E-003   0.4836200000E-003
   0.6366751452E-001  -0.4133889522E-003   0.4214435825E-003   0.8793264533E+000  -0.4701200000E-003   0.4792800000E-003
   0.7101737632E-001  -0.4104813121E-003   0.4189104848E-003   0.8817126239E+000  -0.4655500000E-003   0.4751100000E-003
   0.7836723812E-001  -0.4075995147E-003   0.4164749791E-003   0.8840103989E+000  -0.4610800000E-003   0.4711200000E-003
   0.8571709992E-001  -0.4047298094E-003   0.4141237877E-003   0.8862243740E+000  -0.4566900000E-003   0.4672900000E-003
   0.9306696172E-001  -0.4018935431E-003   0.4118520458E-003   0.8883588485E+000  -0.4524000000E-003   0.4636100000E-003
   0.1004168235E+000  -0.3990763749E-003   0.4096723472E-003   0.8904178470E+000  -0.4481900000E-003   0.4600900000E-003
   0.1234503952E+000  -0.3904276470E-003   0.4033181957E-003   0.8964220210E+000  -0.4355400000E-003   0.4499200000E-003
   0.1471840383E+000  -0.3818253404E-003   0.3975017186E-003   0.9019780317E+000  -0.4233200000E-003   0.4407000000E-003
   0.1716177527E+000  -0.3733271858E-003   0.3922044516E-003   0.9071247378E+000  -0.4115500000E-003   0.4323600000E-003
   0.1967515386E+000  -0.3649870441E-003   0.3874106079E-003   0.9118976741E+000  -0.4002500000E-003   0.4248400000E-003
   0.2225853958E+000  -0.3568369255E-003   0.3830989210E-003   0.9163292216E+000  -0.3894200000E-003   0.4180800000E-003
   0.2491193249E+000  -0.3488961222E-003   0.3792341150E-003   0.9204488120E+000  -0.3790500000E-003   0.4120100000E-003
   0.2763533249E+000  -0.3412083680E-003   0.3758135292E-003   0.9242831510E+000  -0.3691600000E-003   0.4066000000E-003
   0.3042873964E+000  -0.3337870771E-003   0.3727848835E-003   0.9278564439E+000  -0.3597400000E-003   0.4017700000E-003
   0.3329215392E+000  -0.3266430447E-003   0.3701482703E-003   0.9311906172E+000  -0.3507800000E-003   0.3975000000E-003
   0.3622557534E+000  -0.3197940964E-003   0.3678547728E-003   0.9343055288E+000  -0.3422800000E-003   0.3937200000E-003
   0.3922900391E+000  -0.3132373897E-003   0.3658997346E-003   0.9372191661E+000  -0.3342200000E-003   0.3904100000E-003
   0.4230243976E+000  -0.3069869605E-003   0.3642391827E-003   0.9399478276E+000  -0.3266000000E-003   0.3875100000E-003
   0.4544588267E+000  -0.3010459341E-003   0.3628743468E-003   0.9425062902E+000  -0.3194100000E-003   0.3850100000E-003
   0.4865933266E+000  -0.2954065759E-003   0.3617580129E-003   0.9449079611E+000  -0.3126300000E-003   0.3828500000E-003
   0.5194278970E+000  -0.2900787576E-003   0.3608698709E-003   0.9471650154E+000  -0.3062600000E-003   0.3810000000E-003
   0.5529625382E+000  -0.2850523566E-003   0.3602075286E-003   0.9492885193E+000  -0.3002800000E-003   0.3794500000E-003
   0.5871972537E+000  -0.2803257076E-003   0.3597297622E-003   0.9512885421E+000  -0.2946800000E-003   0.3781500000E-003
   0.6221320398E+000  -0.2758867564E-003   0.3594229481E-003   0.9531742550E+000  -0.2894400000E-003   0.3770800000E-003
   0.6577668966E+000  -0.2717512659E-003   0.3592728019E-003   0.9549540214E+000  -0.2845700000E-003   0.3762200000E-003
   0.6941018241E+000  -0.2678866324E-003   0.3592548868E-003   0.9566354763E+000  -0.2800300000E-003   0.3755400000E-003
   0.7311368222E+000  -0.2642977845E-003   0.3593537638E-003   0.9582255982E+000  -0.2758200000E-003   0.3750200000E-003
   0.7688718947E+000  -0.2609795891E-003   0.3595535368E-003   0.9597307731E+000  -0.2719300000E-003   0.3746400000E-003
   0.8073070378E+000  -0.2579168294E-003   0.3598282903E-003   0.9611568511E+000  -0.2683400000E-003   0.3743700000E-003
   0.8464422516E+000  -0.2551034380E-003   0.3601805672E-003   0.9625091985E+000  -0.2650400000E-003   0.3742100000E-003
   0.8862775361E+000  -0.2525329746E-003   0.3605837790E-003   0.9637927433E+000  -0.2620200000E-003   0.3741300000E-003
   0.9268128949E+000  -0.2501793652E-003   0.3610302955E-003   0.9650120161E+000  -0.2592500000E-003   0.3741200000E-003
   0.9680483206E+000  -0.2480547906E-003   0.3615026113E-003   0.9661711870E+000  -0.2567400000E-003   0.3741600000E-003
   0.1009983821E+001  -0.2461228945E-003   0.3619926589E-003   0.9672740992E+000  -0.2544500000E-003   0.3742400000E-003
   0.1052619392E+001  -0.2443953695E-003   0.3624825176E-003   0.9683242978E+000  -0.2523900000E-003   0.3743400000E-003
   0.1095955033E+001  -0.2428450065E-003   0.3629734609E-003   0.9693250570E+000  -0.2505300000E-003   0.3744600000E-003
   0.1139990749E+001  -0.2414637326E-003   0.3634472593E-003   0.9702794043E+000  -0.2488600000E-003   0.3745800000E-003
   0.1184726535E+001  -0.2402530172E-003   0.3639049460E-003   0.9711901415E+000  -0.2473800000E-003   0.3747000000E-003
   0.1230162389E+001  -0.2391753297E-003   0.3643377579E-003   0.9720598646E+000  -0.2460500000E-003   0.3748100000E-003
   0.1276298316E+001  -0.2382415436E-003   0.3647368290E-003   0.9728909816E+000  -0.2448800000E-003   0.3749000000E-003
   0.1323134318E+001  -0.2374332648E-003   0.3650932006E-003   0.9736857281E+000  -0.2438500000E-003   0.3749600000E-003
   0.1370670388E+001  -0.2367319553E-003   0.3654173180E-003   0.9744461814E+000  -0.2429400000E-003   0.3750000000E-003
   0.1418906531E+001  -0.2361384505E-003   0.3656903529E-003   0.9751742743E+000  -0.2421500000E-003   0.3750000000E-003
   0.1467842745E+001  -0.2356242477E-003   0.3659128925E-003   0.9758718064E+000  -0.2414500000E-003   0.3749600000E-003
   0.1517479030E+001  -0.2351997686E-003   0.3660952511E-003   0.9765404549E+000  -0.2408500000E-003   0.3748900000E-003
   0.1567815385E+001  -0.2348460982E-003   0.3662281891E-003   0.9771817843E+000  -0.2403300000E-003   0.3747800000E-003
   0.1618851815E+001  -0.2345442277E-003   0.3663121858E-003   0.9777972555E+000  -0.2398700000E-003   0.3746300000E-003
   0.1670588312E+001  -0.2343044142E-003   0.3663476902E-003   0.9783882335E+000  -0.2394800000E-003   0.3744400000E-003
   0.1723024883E+001  -0.2341075367E-003   0.3663351230E-003   0.9789559953E+000  -0.2391400000E-003   0.3742100000E-003
   0.1776161524E+001  -0.2339343996E-003   0.3662846741E-003   0.9795017359E+000  -0.2388300000E-003   0.3739500000E-003
   0.1829998237E+001  -0.2337951397E-003   0.3661869297E-003   0.9800265750E+000  -0.2385600000E-003   0.3736500000E-003
   0.1884535023E+001  -0.2336802820E-003   0.3660520429E-003   0.9805315625E+000  -0.2383200000E-003   0.3733200000E-003
   0.1939771881E+001  -0.2335803104E-003   0.3658803552E-003   0.9810176833E+000  -0.2381000000E-003   0.3729600000E-003
   0.1995708805E+001  -0.2334954867E-003   0.3656721878E-003   0.9814858626E+000  -0.2379000000E-003   0.3725700000E-003
   0.2052345808E+001  -0.2334162370E-003   0.3654376626E-003   0.9819369696E+000  -0.2377100000E-003   0.3721600000E-003
   0.2109682877E+001  -0.2333329551E-003   0.3651770773E-003   0.9823718218E+000  -0.2375200000E-003   0.3717300000E-003
   0.2167720017E+001  -0.2332556607E-003   0.3649005404E-003   0.9827911884E+000  -0.2373400000E-003   0.3712900000E-003
   0.2226457231E+001  -0.2331648826E-003   0.3645984964E-003   0.9831957942E+000  -0.2371500000E-003   0.3708300000E-003
   0.2285894516E+001  -0.2330804507E-003   0.3642810302E-003   0.9835863219E+000  -0.2369700000E-003   0.3703600000E-003
   0.2346031872E+001  -0.2329828575E-003   0.3639582277E-003   0.9839634154E+000  -0.2367800000E-003   0.3698900000E-003
   0.2406869298E+001  -0.2328722431E-003   0.3636303325E-003   0.9843276825E+000  -0.2365800000E-003   0.3694200000E-003
   0.2468406799E+001  -0.2327585868E-003   0.3632877274E-003   0.9846796969E+000  -0.2363800000E-003   0.3689400000E-003
   0.2530644367E+001  -0.2326321736E-003   0.3629503197E-003   0.9850200008E+000  -0.2361700000E-003   0.3684700000E-003
   0.2593582009E+001  -0.2324931218E-003   0.3626183248E-003   0.9853491068E+000  -0.2359500000E-003   0.3680100000E-003
   0.2657219721E+001  -0.2323415431E-003   0.3622919463E-003   0.9856674999E+000  -0.2357200000E-003   0.3675600000E-003
   0.2721557508E+001  -0.2321874033E-003   0.3619615169E-003   0.9859756392E+000  -0.2354900000E-003   0.3671100000E-003
   0.2786595362E+001  -0.2320308117E-003   0.3616469354E-003   0.9862739593E+000  -0.2352600000E-003   0.3666800000E-003
   0.2852333291E+001  -0.2318620063E-003   0.3613385177E-003   0.9865628725E+000  -0.2350200000E-003   0.3662600000E-003
   0.2918771290E+001  -0.2316810769E-003   0.3610462956E-003   0.9868427693E+000  -0.2347700000E-003   0.3658600000E-003
   0.2985909359E+001  -0.2315078512E-003   0.3607704322E-003   0.9871140204E+000  -0.2345300000E-003   0.3654800000E-003
   0.3053747500E+001  -0.2313226784E-003   0.3605012084E-003   0.9873769778E+000  -0.2342800000E-003   0.3651100000E-003
   0.3122285714E+001  -0.2311453876E-003   0.3602585158E-003   0.9876319756E+000  -0.2340400000E-003   0.3647700000E-003
   0.3191523996E+001  -0.2309661877E-003   0.3600227435E-003   0.9878793314E+000  -0.2338000000E-003   0.3644400000E-003
   0.3261462352E+001  -0.2307851547E-003   0.3597940167E-003   0.9881193471E+000  -0.2335600000E-003   0.3641200000E-003
   0.3332100779E+001  -0.2306122445E-003   0.3595922209E-003   0.9883523099E+000  -0.2333300000E-003   0.3638300000E-003
   0.3403439280E+001  -0.2304475325E-003   0.3594075969E-003   0.9885784930E+000  -0.2331100000E-003   0.3635600000E-003
   0.3475477848E+001  -0.2302812027E-003   0.3592303703E-003   0.9887981567E+000  -0.2328900000E-003   0.3633000000E-003
   0.3548216490E+001  -0.2301232072E-003   0.3590705329E-003   0.9890115488E+000  -0.2326800000E-003   0.3630600000E-003
   0.3621655203E+001  -0.2299835034E-003   0.3589182955E-003   0.9892189055E+000  -0.2324900000E-003   0.3628300000E-003
   0.3695793997E+001  -0.2298522653E-003   0.3587836444E-003   0.9894204522E+000  -0.2323100000E-003   0.3626200000E-003
   0.3770632826E+001  -0.2297295519E-003   0.3586567769E-003   0.9896164034E+000  -0.2321400000E-003   0.3624200000E-003
   0.3846171766E+001  -0.2296154196E-003   0.3585377767E-003   0.9898069645E+000  -0.2319800000E-003   0.3622300000E-003
   0.3922410780E+001  -0.2295198220E-003   0.3584168235E-003   0.9899923309E+000  -0.2318400000E-003   0.3620400000E-003
   0.3999349831E+001  -0.2294428156E-003   0.3583137912E-003   0.9901726896E+000  -0.2317200000E-003   0.3618700000E-003
   0.4076988994E+001  -0.2293745511E-003   0.3582089509E-003   0.9903482192E+000  -0.2316100000E-003   0.3617000000E-003
   0.4155328194E+001  -0.2293150746E-003   0.3581122720E-003   0.9905190904E+000  -0.2315100000E-003   0.3615400000E-003
   0.4234367469E+001  -0.2292743375E-003   0.3580139139E-003   0.9906854665E+000  -0.2314300000E-003   0.3613800000E-003
   0.4314106818E+001  -0.2292424785E-003   0.3579238438E-003   0.9908475037E+000  -0.2313600000E-003   0.3612300000E-003
   0.4394546241E+001  -0.2292294478E-003   0.3578223022E-003   0.9910053514E+000  -0.2313100000E-003   0.3610700000E-003
   0.4475685738E+001  -0.2292253772E-003   0.3577192498E-003   0.9911591526E+000  -0.2312700000E-003   0.3609100000E-003
   0.4557525310E+001  -0.2292402165E-003   0.3576147378E-003   0.9913090445E+000  -0.2312500000E-003   0.3607500000E-003
   0.4640064957E+001  -0.2292541762E-003   0.3574989010E-003   0.9914551583E+000  -0.2312300000E-003   0.3605800000E-003
   0.4723304677E+001  -0.2292871176E-003   0.3573816981E-003   0.9915976197E+000  -0.2312300000E-003   0.3604100000E-003
   0.4807244472E+001  -0.2293291597E-003   0.3572631746E-003   0.9917365496E+000  -0.2312400000E-003   0.3602400000E-003
